[29, 195]
[26, 227]
[32, 164]
[35, 133]
[39, 102]
[41, 72]
[129, 239]
[100, 197]
[60, 218]
[139, 120]
[106, 277]
[132, 46]
[136, 17]
[129, 262]
[131, 310]
[138, 167]
[172, 244]
[170, 301]
[156, 42]
[175, 213]
[174, 187]
[166, 157]
[184, 122]
[188, 89]
[194, 57]
[199, 24]
[76, 66]
[67, 138]
[71, 235]
[132, 69]
[136, 215]
[98, 104]
[66, 179]
[107, 144]
[128, 172]
[175, 265]
[83, 170]
[120, 223]
[157, 90]
[167, 12]
[198, 153]
[71, 103]
[77, 212]
[100, 240]
[104, 73]
[125, 96]
[131, 284]
[136, 147]
[157, 325]
[185, 324]
[9, 202]
[22, 81]
[50, 203]
[62, 81]
[88, 126]
[85, 86]
[98, 222]
[105, 173]
[115, 121]
[123, 197]
[143, 191]
[152, 234]
[152, 266]
[158, 66]
[159, 112]
[174, 63]
[186, 285]
[192, 174]
[214, 48]
[44, 223]
[52, 159]
[55, 129]
[59, 97]
[117, 283]
[145, 49]
[150, 17]
[140, 319]
[147, 216]
[171, 21]
[193, 243]
[188, 236]
[196, 213]
[191, 205]
[205, 122]
[209, 90]
[198, 187]
[203, 154]
[218, 25]
[66, 209]
[125, 217]
[189, 324]
[117, 295]
[212, 66]
[45, 230]
[51, 168]
[125, 228]
[140, 326]
[159, 29]
[195, 219]
[216, 35]
[52, 136]
[58, 104]
[146, 156]
[144, 58]
[189, 253]
[203, 133]
[199, 162]
[206, 101]
[194, 193]
[210, 71]
[42, 176]
[121, 245]
[189, 223]
[22, 239]
[9, 206]
[31, 144]
[34, 112]
[75, 245]
[60, 245]
[73, 225]
[108, 148]
[107, 298]
[161, 254]
[163, 223]
[167, 194]
[170, 162]
[172, 133]
[178, 101]
[177, 67]
[190, 32]
[16, 173]
[16, 143]
[19, 111]
[95, 292]
[124, 57]
[128, 26]
[131, 328]
[160, 194]
[163, 162]
[182, 34]
[8, 235]
[155, 328]
[157, 223]
[153, 253]
[166, 132]
[168, 100]
[117, 56]
[120, 24]
[11, 171]
[53, 229]
[7, 220]
[14, 129]
[17, 96]
[20, 68]
[72, 73]
[79, 173]
[93, 269]
[146, 202]
[157, 214]
[158, 184]
[162, 153]
[165, 122]
[181, 23]
[9, 186]
[11, 162]
[119, 37]
[121, 9]
[162, 16]
[177, 49]
[73, 65]
[157, 207]
[159, 176]
[161, 12]
[169, 92]
[13, 153]
[15, 121]
[21, 61]
[93, 262]
[116, 159]
[162, 150]
[178, 44]
[81, 166]
[9, 215]
[20, 91]
[173, 77]
[20, 182]
[125, 34]
[186, 171]
[193, 142]
[47, 59]
[30, 151]
[38, 215]
[47, 122]
[54, 93]
[140, 7]
[177, 11]
[181, 262]
[183, 232]
[196, 110]
[190, 203]
[205, 80]
[215, 15]
[44, 184]
[49, 153]
[131, 159]
[59, 61]
[118, 260]
[144, 35]
[194, 171]
[54, 123]
[147, 8]
[198, 143]
[44, 218]
[50, 187]
[189, 279]
[62, 65]
[67, 186]
[67, 200]
[70, 176]
[127, 200]
[129, 187]
[140, 287]
[140, 273]
[140, 303]
[149, 184]
[152, 157]
[153, 147]
[160, 94]
[164, 67]
[189, 302]
[143, 247]
[168, 46]
[19, 206]
[174, 326]
[182, 328]
[41, 84]
[41, 239]
[50, 114]
[51, 145]
[55, 85]
[81, 146]
[98, 245]
[95, 226]
[108, 227]
[176, 223]
[185, 163]
[183, 194]
[187, 68]
[189, 134]
[192, 102]
[193, 70]
[198, 36]
[213, 38]
[174, 67]
[128, 292]
[128, 314]
[152, 293]
[152, 309]
[58, 193]
[60, 166]
[64, 124]
[77, 189]
[128, 275]
[136, 191]
[53, 216]
[72, 96]
[68, 98]
[75, 207]
[154, 55]
[36, 59]
[171, 232]
[189, 142]
[28, 121]
[106, 64]
[84, 65]
[79, 62]
[90, 234]
[102, 260]
[114, 235]
[126, 7]
[129, 66]
[156, 262]
[157, 232]
[171, 203]
[161, 203]
[174, 143]
[169, 140]
[172, 171]
[181, 203]
[198, 44]
[186, 43]
[196, 79]
[206, 14]
[188, 12]
[209, 46]
[72, 160]
[134, 208]
[42, 92]
[103, 167]
[68, 193]
[117, 273]
[126, 209]
[129, 179]
[140, 280]
[140, 295]
[140, 311]
[148, 196]
[148, 208]
[150, 176]
[155, 131]
[169, 39]
[189, 291]
[189, 313]
[211, 60]
[213, 57]
[218, 19]
[69, 183]
[146, 224]
[170, 29]
[143, 254]
[167, 51]
[193, 249]
[206, 127]
[203, 158]
[187, 328]
[112, 148]
[25, 83]
[33, 206]
[40, 206]
[55, 115]
[65, 245]
[83, 245]
[88, 147]
[88, 245]
[106, 245]
[111, 245]
[114, 298]
[129, 58]
[135, 27]
[165, 328]
[173, 254]
[172, 194]
[188, 194]
[191, 163]
[26, 173]
[26, 112]
[32, 239]
[32, 84]
[40, 144]
[83, 225]
[97, 148]
[116, 227]
[120, 149]
[144, 27]
[170, 223]
[177, 162]
[182, 254]
[183, 223]
[198, 135]
[201, 70]
[202, 102]
[13, 239]
[43, 113]
[130, 150]
[140, 58]
[13, 135]
[19, 73]
[128, 320]
[152, 318]
[7, 227]
[17, 105]
[64, 130]
[93, 281]
[128, 300]
[152, 276]
[152, 326]
[158, 190]
[161, 158]
[180, 29]
[76, 196]
[118, 44]
[134, 220]
[152, 247]
[152, 285]
[156, 219]
[160, 20]
[9, 196]
[59, 186]
[62, 155]
[138, 181]
[176, 55]
[69, 91]
[11, 182]
[120, 33]
[30, 59]
[21, 151]
[27, 215]
[24, 58]
[42, 122]
[79, 232]
[99, 63]
[105, 234]
[124, 66]
[147, 262]
[158, 203]
[164, 9]
[167, 171]
[168, 203]
[171, 262]
[178, 203]
[181, 42]
[185, 142]
[188, 110]
[191, 78]
[18, 215]
[22, 120]
[31, 91]
[35, 184]
[93, 167]
[91, 63]
[118, 65]
[123, 158]
[133, 7]
[136, 34]
[138, 66]
[160, 171]
[164, 232]
[174, 109]
[179, 141]
[179, 171]
[180, 77]
[186, 203]
[193, 44]
[197, 13]
[28, 182]
[123, 236]
[59, 93]
[201, 112]
[151, 11]
[198, 183]
[203, 151]
[209, 83]
[184, 265]
[50, 193]
[61, 71]
[71, 170]
[117, 289]
[125, 223]
[128, 195]
[143, 242]
[148, 191]
[153, 153]
[155, 124]
[159, 100]
[161, 90]
[170, 35]
[189, 297]
[189, 308]
[189, 319]
[212, 62]
[214, 53]
[72, 154]
[151, 162]
[207, 96]
[156, 118]
[196, 190]
[191, 222]
[20, 173]
[21, 143]
[24, 206]
[30, 173]
[46, 85]
[46, 206]
[49, 176]
[60, 84]
[69, 245]
[92, 245]
[99, 227]
[115, 245]
[136, 328]
[170, 328]
[176, 194]
[178, 133]
[180, 67]
[195, 163]
[204, 71]
[26, 144]
[46, 144]
[89, 226]
[103, 148]
[125, 150]
[135, 58]
[149, 27]
[167, 254]
[181, 163]
[184, 101]
[189, 35]
[204, 36]
[36, 176]
[14, 173]
[56, 243]
[13, 139]
[19, 77]
[128, 324]
[58, 197]
[93, 286]
[128, 280]
[164, 126]
[7, 231]
[53, 222]
[78, 179]
[121, 15]
[128, 306]
[136, 196]
[152, 300]
[11, 167]
[75, 201]
[77, 184]
[93, 275]
[117, 50]
[128, 286]
[131, 253]
[133, 226]
[135, 201]
[138, 176]
[154, 50]
[159, 180]
[60, 182]
[134, 217]
[137, 187]
[62, 151]
[65, 121]
[74, 61]
[180, 232]
[37, 121]
[43, 153]
[50, 93]
[89, 167]
[97, 260]
[99, 234]
[111, 260]
[165, 262]
[165, 140]
[166, 203]
[176, 203]
[182, 109]
[206, 45]
[26, 91]
[33, 215]
[42, 59]
[55, 60]
[73, 232]
[112, 64]
[131, 34]
[169, 108]
[172, 10]
[176, 232]
[183, 11]
[186, 78]
[145, 67]
[43, 215]
[213, 46]
[187, 232]
[52, 164]
[55, 134]
[55, 126]
[67, 205]
[68, 189]
[71, 166]
[117, 278]
[126, 214]
[127, 205]
[129, 175]
[140, 277]
[140, 284]
[140, 291]
[140, 299]
[140, 307]
[140, 315]
[140, 323]
[145, 54]
[147, 221]
[150, 181]
[163, 72]
[171, 26]
[184, 270]
[188, 241]
[189, 284]
[191, 209]
[194, 176]
[195, 217]
[217, 31]
[129, 182]
[147, 211]
[59, 100]
[146, 45]
[211, 68]
[74, 147]
[55, 144]
[13, 206]
[26, 239]
[46, 238]
[50, 206]
[77, 225]
[78, 245]
[101, 245]
[111, 227]
[182, 68]
[191, 194]
[196, 102]
[196, 70]
[17, 239]
[28, 206]
[35, 144]
[36, 84]
[36, 239]
[37, 112]
[50, 85]
[103, 227]
[115, 149]
[119, 227]
[124, 245]
[139, 27]
[156, 254]
[159, 328]
[163, 194]
[166, 162]
[166, 223]
[172, 100]
[173, 162]
[177, 254]
[177, 328]
[179, 194]
[179, 223]
[182, 133]
[187, 101]
[207, 37]
[32, 112]
[125, 25]
[134, 151]
[190, 69]
[195, 35]
[103, 292]
[105, 295]
[75, 210]
[158, 193]
[161, 161]
[9, 190]
[16, 109]
[19, 81]
[68, 102]
[93, 290]
[152, 241]
[164, 130]
[7, 223]
[7, 201]
[17, 101]
[61, 160]
[72, 69]
[134, 213]
[152, 281]
[152, 305]
[152, 314]
[153, 59]
[157, 210]
[168, 96]
[121, 20]
[130, 270]
[177, 52]
[15, 125]
[79, 169]
[156, 216]
[160, 17]
[162, 156]
[169, 88]
[177, 46]
[13, 158]
[133, 231]
[7, 218]
[155, 34]
[17, 151]
[123, 6]
[88, 63]
[100, 167]
[153, 232]
[165, 203]
[175, 203]
[176, 141]
[178, 262]
[185, 203]
[191, 43]
[191, 171]
[14, 215]
[16, 182]
[23, 215]
[26, 151]
[33, 121]
[37, 92]
[38, 153]
[40, 184]
[47, 93]
[86, 233]
[86, 167]
[95, 234]
[107, 260]
[109, 168]
[130, 7]
[134, 66]
[152, 262]
[161, 232]
[161, 262]
[164, 171]
[168, 232]
[176, 171]
[177, 77]
[183, 171]
[193, 12]
[201, 79]
[202, 13]
[203, 45]
[211, 14]
[162, 140]
[169, 10]
[183, 142]
[83, 63]
[184, 43]
[196, 142]
[48, 184]
[171, 141]
[187, 276]
[204, 119]
[52, 156]
[199, 150]
[199, 148]
[63, 62]
[70, 223]
[93, 147]
[194, 134]
[34, 153]
[110, 235]
[119, 236]
[42, 227]
[44, 221]
[44, 226]
[50, 197]
[62, 69]
[61, 74]
[68, 197]
[70, 180]
[70, 174]
[72, 164]
[72, 157]
[117, 270]
[125, 220]
[125, 192]
[128, 191]
[143, 251]
[149, 188]
[148, 194]
[150, 21]
[151, 15]
[151, 166]
[155, 128]
[156, 122]
[159, 98]
[167, 55]
[168, 43]
[189, 288]
[194, 179]
[208, 87]
[208, 94]
[214, 51]
[218, 22]
[73, 151]
[130, 171]
[194, 173]
[195, 192]
[195, 215]
[197, 189]
[203, 130]
[212, 59]
[213, 55]
[161, 86]
[192, 221]
[118, 265]
[140, 256]
[141, 269]
[143, 237]
[190, 250]
[200, 159]
[172, 17]
[58, 113]
[77, 146]
[144, 267]
[185, 254]
[201, 135]
[22, 173]
[27, 83]
[46, 114]
[52, 175]
[62, 245]
[71, 245]
[80, 245]
[83, 146]
[85, 245]
[94, 245]
[103, 245]
[108, 245]
[113, 227]
[117, 245]
[146, 27]
[159, 223]
[169, 194]
[172, 223]
[184, 68]
[185, 194]
[185, 223]
[187, 163]
[197, 163]
[198, 70]
[205, 103]
[206, 71]
[23, 112]
[37, 206]
[46, 176]
[99, 292]
[111, 298]
[121, 57]
[131, 26]
[185, 34]
[185, 133]
[40, 113]
[64, 83]
[106, 148]
[122, 228]
[147, 267]
[169, 133]
[175, 101]
[24, 83]
[34, 173]
[52, 237]
[128, 245]
[139, 58]
[180, 162]
[11, 236]
[150, 236]
[172, 63]
[14, 142]
[55, 239]
[59, 175]
[129, 327]
[66, 115]
[70, 85]
[130, 247]
[138, 170]
[140, 154]
[152, 270]
[162, 145]
[165, 116]
[179, 33]
[7, 234]
[7, 205]
[11, 165]
[20, 64]
[58, 189]
[60, 180]
[64, 128]
[77, 192]
[118, 40]
[128, 296]
[128, 310]
[152, 251]
[152, 289]
[152, 322]
[155, 45]
[156, 222]
[158, 187]
[162, 148]
[53, 226]
[69, 95]
[93, 266]
[135, 205]
[139, 158]
[152, 297]
[63, 133]
[65, 118]
[78, 176]
[115, 163]
[133, 223]
[137, 184]
[181, 26]
[18, 93]
[57, 212]
[153, 63]
[68, 106]
[75, 213]
[131, 256]
[136, 194]
[158, 182]
[176, 58]
[7, 198]
[128, 272]
[55, 214]
[71, 77]
[129, 259]
[131, 235]
[114, 168]
[151, 67]
[153, 36]
[158, 23]
[174, 60]
[19, 120]
[69, 79]
[120, 158]
[179, 42]
[25, 182]
[33, 59]
[52, 122]
[96, 63]
[112, 168]
[127, 66]
[128, 34]
[145, 7]
[164, 203]
[170, 78]
[170, 171]
[174, 203]
[174, 232]
[179, 109]
[184, 203]
[188, 142]
[189, 203]
[189, 43]
[189, 171]
[192, 142]
[193, 110]
[196, 44]
[51, 60]
[83, 233]
[97, 167]
[103, 64]
[115, 260]
[127, 159]
[127, 236]
[137, 7]
[140, 35]
[142, 67]
[148, 36]
[150, 232]
[166, 108]
[26, 120]
[28, 59]
[45, 122]
[70, 232]
[122, 65]
[184, 77]
[31, 184]
[175, 262]
[57, 93]
[174, 141]
[182, 141]
[191, 12]
[200, 45]
[209, 14]
[193, 213]
[196, 182]
[199, 111]
[219, 15]
[65, 231]
[161, 108]
[151, 8]
[155, 138]
[159, 107]
[164, 77]
[185, 275]
[201, 119]
[208, 81]
[152, 203]
[198, 147]
[201, 117]
[148, 200]
[155, 135]
[66, 212]
[50, 190]
[117, 286]
[117, 292]
[153, 150]
[170, 32]
[189, 294]
[189, 305]
[189, 316]
[217, 28]
[44, 239]
[58, 85]
[139, 328]
[173, 328]
[16, 206]
[29, 112]
[29, 239]
[39, 176]
[43, 144]
[43, 206]
[80, 225]
[86, 225]
[92, 226]
[100, 148]
[132, 58]
[162, 328]
[164, 254]
[170, 254]
[175, 133]
[181, 101]
[192, 35]
[199, 102]
[201, 36]
[210, 37]
[131, 250]
[173, 66]
[9, 193]
[14, 132]
[53, 219]
[61, 163]
[75, 204]
[93, 272]
[93, 278]
[117, 53]
[118, 47]
[121, 12]
[128, 289]
[128, 303]
[128, 317]
[152, 244]
[24, 91]
[31, 215]
[35, 92]
[40, 59]
[47, 153]
[77, 232]
[103, 234]
[107, 168]
[110, 64]
[116, 65]
[169, 262]
[181, 11]
[186, 110]
[184, 274]
[206, 125]
[128, 284]
[138, 174]
[152, 274]
[165, 120]
[148, 68]
[193, 246]
[169, 84]
[58, 108]
[164, 114]
[61, 79]
[69, 216]
[140, 96]
[112, 86]
[124, 135]
[133, 83]
[154, 142]
[146, 236]
[63, 148]
[87, 107]
[91, 202]
[99, 86]
[104, 125]
[114, 201]
[168, 284]
[111, 106]
[114, 186]
[131, 114]
[75, 126]
[91, 184]
[103, 221]
[103, 208]
[140, 131]
[60, 171]
[133, 163]
[167, 306]
[95, 137]
[96, 114]
[159, 102]
[152, 173]
[162, 142]
[180, 17]
[56, 201]
[144, 262]
[149, 109]
[148, 83]
[88, 95]
[106, 95]
[119, 76]
[154, 41]
[63, 136]
[79, 113]
[122, 112]
[177, 291]
[179, 310]
[102, 185]
[114, 132]
[84, 76]
[87, 214]
[165, 275]
[82, 136]
[133, 104]
[127, 126]
[162, 293]
[113, 211]
[53, 232]
[66, 110]
[119, 178]
[144, 141]
[94, 75]
[122, 85]
[87, 193]
[168, 317]
[106, 114]
[133, 138]
[183, 182]
[150, 41]
[32, 69]
[158, 85]
[52, 73]
[140, 77]
[149, 99]
[117, 267]
[127, 197]
[143, 239]
[152, 160]
[164, 70]
[167, 48]
[207, 99]
[175, 17]
[30, 84]
[45, 84]
[49, 145]
[53, 115]
[58, 245]
[86, 147]
[123, 25]
[124, 149]
[127, 58]
[191, 101]
[162, 113]
[12, 160]
[19, 71]
[60, 169]
[62, 138]
[62, 158]
[70, 89]
[76, 199]
[136, 199]
[57, 172]
[147, 231]
[33, 151]
[40, 122]
[45, 92]
[68, 232]
[84, 166]
[108, 235]
[117, 236]
[123, 33]
[167, 9]
[172, 108]
[175, 10]
[186, 12]
[194, 79]
[87, 118]
[94, 178]
[94, 210]
[105, 134]
[106, 192]
[108, 286]
[115, 99]
[139, 110]
[145, 126]
[175, 279]
[176, 152]
[208, 28]
[39, 194]
[114, 140]
[123, 105]
[131, 92]
[149, 76]
[178, 299]
[188, 153]
[32, 224]
[41, 163]
[43, 131]
[48, 102]
[104, 81]
[146, 117]
[178, 241]
[178, 318]
[191, 120]
[197, 89]
[202, 55]
[64, 146]
[95, 94]
[154, 145]
[163, 242]
[174, 117]
[179, 87]
[127, 76]
[145, 90]
[80, 100]
[160, 311]
[18, 196]
[95, 127]
[184, 56]
[26, 135]
[68, 223]
[18, 228]
[24, 161]
[75, 132]
[168, 210]
[170, 178]
[29, 100]
[103, 269]
[190, 20]
[75, 118]
[42, 230]
[156, 171]
[172, 61]
