[313, 194]
[360, 193]
[222, 234]
[322, 74]
[74, 171]
[141, 87]
[18, 18]
[62, 344]
[511, 215]
[368, 360]
[215, 378]
[450, 85]
[593, 149]
[590, 354]
[602, 45]
[349, 236]
[103, 234]
[383, 304]
[619, 244]
[192, 181]
[227, 20]
[285, 309]
[92, 74]
[247, 128]
[414, 74]
[459, 376]
[514, 18]
[19, 260]
[473, 294]
[18, 110]
[162, 294]
[433, 154]
[427, 232]
[515, 132]
[551, 285]
[204, 307]
[247, 221]
[294, 381]
[368, 18]
[146, 19]
[129, 157]
[298, 279]
[312, 111]
[543, 79]
[18, 197]
[101, 296]
[194, 120]
[292, 19]
[448, 20]
[458, 315]
[18, 380]
[73, 92]
[80, 18]
[106, 380]
[163, 236]
[206, 73]
[264, 71]
[567, 224]
[614, 302]
[19, 314]
[74, 223]
[464, 196]
[547, 173]
[33, 63]
[250, 343]
[247, 277]
[265, 173]
[322, 342]
[368, 65]
[369, 279]
[385, 153]
[412, 378]
[425, 280]
[474, 246]
[486, 55]
[560, 26]
[30, 153]
[61, 279]
[105, 338]
[131, 265]
[168, 55]
[194, 266]
[284, 241]
[305, 152]
[401, 201]
[408, 32]
[417, 334]
[445, 127]
[479, 156]
[489, 101]
[514, 264]
[556, 329]
[556, 379]
[557, 128]
[619, 150]
[624, 48]
[194, 180]
[318, 212]
[625, 347]
[625, 167]
[200, 185]
[625, 76]
[625, 378]
[464, 383]
[624, 179]
[620, 84]
[620, 386]
[143, 188]
[208, 386]
[555, 386]
[125, 188]
[197, 383]
[122, 104]
[241, 119]
[354, 163]
[354, 148]
[97, 228]
[259, 12]
[602, 121]
[587, 11]
[599, 215]
[618, 12]
[621, 215]
[621, 121]
[200, 106]
[318, 105]
[79, 129]
[79, 190]
[79, 97]
[112, 350]
[200, 146]
[292, 326]
[318, 159]
[464, 338]
[625, 281]
[625, 234]
[625, 20]
[625, 135]
[625, 314]
[50, 386]
[80, 386]
[136, 301]
[211, 73]
[215, 79]
[239, 386]
[324, 386]
[316, 284]
[352, 74]
[354, 386]
[365, 79]
[179, 188]
[277, 386]
[350, 284]
[416, 386]
[401, 74]
[503, 301]
[569, 84]
[574, 179]
[588, 386]
[32, 386]
[12, 52]
[12, 83]
[12, 142]
[12, 172]
[12, 274]
[12, 327]
[12, 356]
[241, 166]
[241, 196]
[549, 346]
[549, 368]
[12, 223]
[122, 152]
[197, 333]
[354, 200]
[439, 107]
[12, 32]
[56, 12]
[34, 12]
[215, 12]
[196, 12]
[345, 335]
[462, 12]
[423, 12]
[402, 12]
[580, 121]
[121, 12]
[88, 12]
[170, 228]
[133, 228]
[158, 12]
[205, 228]
[327, 12]
[292, 12]
[361, 12]
[380, 147]
[411, 147]
[501, 12]
[541, 12]
[546, 121]
[559, 215]
[112, 332]
[385, 386]
[447, 386]
[79, 156]
[79, 211]
[79, 113]
[112, 372]
[200, 127]
[200, 166]
[292, 304]
[318, 132]
[318, 182]
[464, 361]
[464, 320]
[524, 200]
[524, 103]
[625, 258]
[625, 298]
[625, 331]
[625, 363]
[95, 386]
[144, 296]
[378, 79]
[156, 301]
[251, 386]
[289, 386]
[335, 79]
[392, 79]
[407, 79]
[477, 301]
[520, 301]
[539, 179]
[537, 84]
[587, 84]
[591, 179]
[101, 79]
[160, 188]
[174, 301]
[224, 386]
[306, 386]
[333, 284]
[370, 386]
[401, 386]
[432, 386]
[553, 84]
[556, 179]
[572, 386]
[604, 84]
[604, 386]
[608, 179]
[20, 386]
[12, 370]
[241, 207]
[549, 379]
[12, 101]
[12, 115]
[12, 189]
[12, 241]
[12, 293]
[122, 121]
[122, 169]
[197, 350]
[241, 92]
[241, 135]
[354, 175]
[377, 299]
[439, 122]
[549, 317]
[12, 68]
[12, 206]
[12, 258]
[12, 310]
[122, 137]
[197, 367]
[241, 151]
[377, 317]
[12, 19]
[23, 12]
[327, 335]
[146, 12]
[158, 228]
[183, 12]
[243, 12]
[388, 12]
[449, 12]
[488, 12]
[527, 12]
[569, 12]
[585, 215]
[71, 12]
[104, 12]
[114, 228]
[187, 228]
[275, 12]
[308, 335]
[309, 12]
[332, 228]
[343, 12]
[362, 335]
[395, 147]
[540, 215]
[562, 121]
[219, 228]
[79, 143]
[79, 177]
[79, 167]
[79, 201]
[112, 318]
[112, 361]
[200, 94]
[200, 117]
[200, 137]
[200, 156]
[200, 176]
[292, 315]
[318, 119]
[318, 146]
[318, 200]
[318, 93]
[318, 171]
[464, 350]
[464, 372]
[524, 190]
[625, 35]
[625, 61]
[625, 155]
[625, 222]
[625, 270]
[625, 145]
[625, 247]
[112, 380]
[103, 386]
[58, 386]
[188, 188]
[332, 386]
[343, 79]
[67, 386]
[122, 301]
[224, 79]
[261, 386]
[303, 284]
[341, 386]
[361, 284]
[421, 79]
[456, 386]
[487, 301]
[531, 301]
[170, 188]
[184, 301]
[356, 79]
[431, 79]
[12, 378]
[12, 150]
[12, 335]
[122, 177]
[197, 311]
[241, 174]
[439, 131]
[549, 325]
[12, 126]
[12, 159]
[122, 90]
[197, 320]
[241, 103]
[241, 183]
[354, 185]
[354, 210]
[439, 92]
[549, 355]
[12, 42]
[12, 284]
[12, 346]
[549, 336]
[372, 147]
[47, 12]
[135, 12]
[147, 228]
[172, 12]
[231, 12]
[376, 12]
[427, 147]
[438, 12]
[477, 12]
[516, 12]
[557, 12]
[574, 215]
[593, 121]
[605, 12]
[612, 215]
[123, 228]
[205, 12]
[317, 335]
[341, 228]
[362, 147]
[412, 12]
[534, 121]
[549, 215]
[611, 121]
[625, 14]
[625, 127]
[111, 79]
[79, 90]
[79, 105]
[79, 121]
[73, 219]
[79, 136]
[79, 150]
[79, 184]
[79, 218]
[112, 341]
[112, 311]
[112, 325]
[292, 296]
[318, 220]
[318, 190]
[318, 113]
[318, 126]
[318, 139]
[318, 153]
[464, 312]
[464, 329]
[524, 95]
[524, 111]
[524, 207]
[625, 290]
[625, 323]
[625, 28]
[625, 69]
[625, 306]
[625, 339]
[625, 355]
[625, 371]
[625, 42]
[625, 55]
[625, 174]
[625, 241]
[625, 82]
[625, 384]
[38, 386]
[87, 79]
[131, 188]
[142, 301]
[149, 188]
[162, 301]
[194, 188]
[312, 386]
[322, 284]
[339, 284]
[509, 301]
[545, 179]
[561, 386]
[562, 179]
[575, 84]
[580, 179]
[593, 84]
[597, 179]
[87, 386]
[215, 386]
[231, 79]
[231, 386]
[268, 386]
[298, 386]
[327, 79]
[361, 386]
[377, 386]
[392, 386]
[399, 79]
[408, 386]
[423, 386]
[439, 386]
[494, 301]
[538, 301]
[560, 84]
[579, 386]
[595, 386]
[611, 84]
[611, 386]
[615, 179]
[74, 386]
[95, 79]
[129, 301]
[149, 301]
[310, 284]
[348, 386]
[350, 79]
[372, 79]
[385, 79]
[546, 84]
[202, 386]
[531, 84]
[533, 179]
[549, 385]
[12, 89]
[12, 178]
[12, 195]
[12, 212]
[12, 229]
[12, 247]
[12, 299]
[12, 316]
[122, 110]
[122, 158]
[122, 183]
[197, 339]
[197, 356]
[241, 214]
[377, 305]
[12, 59]
[12, 75]
[12, 133]
[12, 265]
[122, 128]
[122, 144]
[197, 374]
[241, 110]
[241, 126]
[241, 142]
[241, 158]
[354, 155]
[354, 192]
[354, 217]
[377, 324]
[439, 99]
[439, 114]
[439, 138]
[549, 307]
[12, 26]
[12, 108]
[12, 166]
[12, 363]
[122, 97]
[197, 327]
[241, 190]
[549, 362]
[17, 12]
[82, 12]
[108, 228]
[115, 12]
[181, 228]
[198, 228]
[232, 228]
[286, 12]
[303, 12]
[320, 12]
[338, 335]
[354, 12]
[356, 335]
[573, 121]
[580, 12]
[64, 12]
[96, 12]
[223, 12]
[251, 12]
[267, 12]
[300, 335]
[335, 12]
[369, 12]
[388, 147]
[403, 147]
[419, 147]
[431, 12]
[470, 12]
[509, 12]
[549, 12]
[554, 121]
[567, 215]
[597, 12]
[40, 12]
[88, 228]
[127, 12]
[139, 228]
[164, 12]
[189, 12]
[211, 228]
[225, 228]
[368, 335]
[394, 12]
[455, 12]
[494, 12]
[532, 215]
[533, 12]
[586, 121]
[591, 215]
[605, 215]
[611, 12]
[324, 228]
[377, 293]
[79, 162]
[79, 196]
[79, 206]
[112, 356]
[112, 367]
[112, 337]
[112, 346]
[200, 87]
[200, 100]
[200, 112]
[200, 122]
[200, 132]
[200, 142]
[200, 151]
[200, 161]
[200, 171]
[292, 290]
[292, 321]
[292, 310]
[318, 87]
[318, 99]
[318, 165]
[318, 177]
[318, 206]
[464, 306]
[464, 344]
[464, 356]
[464, 367]
[464, 325]
[464, 334]
[464, 379]
[524, 186]
[524, 195]
[625, 161]
[625, 228]
[625, 253]
[625, 264]
[625, 276]
[625, 140]
[625, 286]
[625, 319]
[625, 150]
[110, 386]
[205, 79]
[412, 79]
[25, 386]
[43, 386]
[136, 188]
[154, 188]
[167, 301]
[189, 301]
[244, 386]
[282, 386]
[317, 386]
[327, 284]
[344, 284]
[355, 284]
[366, 284]
[461, 386]
[471, 301]
[514, 301]
[525, 301]
[566, 386]
[567, 179]
[580, 84]
[585, 179]
[598, 84]
[602, 179]
[106, 79]
[165, 188]
[179, 301]
[210, 79]
[256, 386]
[426, 79]
[482, 301]
[550, 179]
[63, 386]
[175, 188]
[184, 188]
[220, 79]
[220, 386]
[236, 79]
[273, 386]
[337, 386]
[361, 79]
[366, 386]
[397, 386]
[417, 79]
[428, 386]
[452, 386]
[499, 301]
[543, 301]
[565, 84]
[584, 386]
[600, 386]
[616, 84]
[616, 386]
[620, 179]
[12, 94]
[12, 120]
[12, 183]
[12, 217]
[12, 234]
[12, 252]
[12, 304]
[12, 321]
[12, 340]
[122, 115]
[122, 163]
[197, 344]
[197, 361]
[241, 86]
[241, 97]
[241, 201]
[241, 219]
[354, 168]
[377, 310]
[439, 86]
[549, 330]
[549, 373]
[12, 37]
[12, 47]
[12, 200]
[12, 279]
[12, 351]
[354, 180]
[354, 205]
[354, 222]
[549, 312]
[549, 341]
[12, 64]
[12, 138]
[12, 155]
[12, 270]
[12, 289]
[122, 133]
[197, 316]
[197, 379]
[241, 115]
[241, 131]
[241, 147]
[241, 179]
[377, 329]
[549, 351]
[29, 12]
[103, 228]
[110, 12]
[141, 12]
[152, 12]
[153, 228]
[164, 228]
[176, 228]
[178, 12]
[193, 228]
[237, 12]
[281, 12]
[298, 12]
[315, 12]
[333, 335]
[347, 228]
[349, 12]
[351, 335]
[382, 12]
[418, 12]
[444, 12]
[483, 12]
[522, 12]
[540, 121]
[563, 12]
[568, 121]
[575, 12]
[580, 215]
[76, 12]
[128, 228]
[210, 12]
[322, 335]
[367, 147]
[407, 12]
[432, 147]
[554, 215]
[616, 121]
[51, 12]
[92, 228]
[118, 228]
[200, 12]
[312, 335]
[336, 228]
[544, 215]
[592, 12]
[597, 121]
[606, 121]
[616, 215]
[625, 217]
[79, 173]
[318, 196]
[524, 91]
[116, 79]
[122, 86]
[83, 228]
[112, 307]
[79, 85]
[299, 284]
[529, 121]
[528, 215]
[373, 335]
[372, 284]
[323, 79]
[529, 179]
[523, 253]
[523, 240]
[376, 183]
[118, 301]
[197, 306]
[598, 313]
[338, 271]
[338, 252]
[532, 266]
[524, 116]
[528, 247]
[246, 27]
[529, 232]
[382, 189]
[417, 204]
[341, 25]
[439, 259]
[291, 335]
[432, 271]
[416, 297]
[294, 109]
[48, 102]
[343, 246]
[534, 253]
[245, 36]
[533, 240]
[205, 271]
[219, 264]
[368, 193]
[436, 79]
[376, 194]
[387, 196]
[113, 34]
[341, 36]
[441, 266]
[430, 260]
[418, 287]
[301, 104]
[588, 306]
[55, 99]
[285, 104]
[26, 356]
[211, 357]
[341, 263]
[538, 260]
[541, 270]
[245, 46]
[253, 34]
[257, 27]
[539, 233]
[52, 232]
[202, 278]
[59, 228]
[27, 270]
[212, 270]
[36, 268]
[393, 201]
[92, 270]
[277, 268]
[421, 218]
[331, 27]
[103, 25]
[562, 34]
[342, 46]
[565, 46]
[429, 248]
[421, 271]
[99, 349]
[318, 233]
[91, 352]
[277, 350]
[408, 293]
[478, 93]
[312, 110]
[308, 97]
[600, 298]
[61, 96]
[230, 355]
[568, 309]
[35, 355]
[47, 92]
[279, 98]
[502, 98]
[210, 348]
[348, 270]
[178, 126]
[354, 245]
[58, 84]
[503, 87]
[250, 55]
[412, 54]
[292, 331]
[412, 44]
[541, 247]
[253, 43]
[451, 169]
[201, 286]
[480, 27]
[211, 279]
[265, 25]
[25, 278]
[550, 232]
[227, 271]
[44, 270]
[381, 202]
[83, 271]
[268, 269]
[96, 277]
[282, 275]
[330, 34]
[94, 311]
[339, 55]
[93, 322]
[91, 331]
[284, 342]
[606, 293]
[591, 295]
[44, 354]
[219, 349]
[272, 92]
[550, 275]
[70, 78]
[265, 45]
[551, 242]
[29, 289]
[221, 280]
[421, 240]
[50, 78]
[512, 85]
[215, 312]
[441, 219]
[545, 256]
[211, 298]
[452, 177]
[480, 35]
[135, 63]
[457, 164]
[488, 26]
[481, 128]
[557, 232]
[135, 113]
[253, 97]
[253, 177]
[143, 118]
[261, 95]
[369, 207]
[378, 209]
[49, 275]
[388, 209]
[259, 273]
[288, 161]
[491, 167]
[298, 170]
[401, 215]
[497, 181]
[305, 174]
[409, 221]
[285, 282]
[335, 43]
[85, 337]
[122, 82]
[486, 79]
[316, 224]
[478, 83]
[511, 251]
[610, 285]
[305, 245]
[509, 265]
[503, 253]
[266, 344]
[192, 83]
[181, 82]
[261, 249]
[560, 303]
[26, 346]
[214, 339]
[500, 80]
[215, 328]
[444, 232]
[590, 262]
[66, 55]
[201, 52]
[30, 187]
[72, 333]
[222, 289]
[39, 283]
[324, 56]
[276, 332]
[366, 268]
[259, 59]
[357, 252]
[445, 212]
[220, 297]
[489, 34]
[254, 106]
[135, 122]
[235, 278]
[257, 170]
[387, 318]
[152, 118]
[274, 170]
[160, 120]
[280, 177]
[482, 181]
[489, 183]
[502, 187]
[417, 227]
[81, 295]
[439, 143]
[554, 41]
[433, 365]
[565, 66]
[552, 72]
[193, 298]
[310, 237]
[471, 82]
[296, 240]
[463, 85]
[495, 254]
[386, 286]
[270, 245]
[289, 87]
[229, 345]
[254, 243]
[254, 161]
[249, 237]
[449, 238]
[420, 65]
[44, 149]
[31, 191]
[535, 161]
[387, 251]
[411, 189]
[278, 36]
[462, 30]
[537, 64]
[256, 188]
[231, 287]
[182, 243]
[141, 286]
[221, 306]
[265, 54]
[451, 207]
[138, 134]
[261, 105]
[263, 184]
[149, 128]
[242, 283]
[270, 102]
[273, 180]
[395, 318]
[476, 186]
[165, 126]
[290, 176]
[259, 284]
[72, 283]
[549, 26]
[82, 306]
[549, 34]
[194, 256]
[83, 318]
[427, 370]
[511, 238]
[501, 243]
[302, 235]
[54, 344]
[448, 300]
[47, 192]
[280, 209]
[164, 155]
[251, 308]
[325, 355]
[402, 348]
[100, 45]
[449, 43]
[482, 266]
[304, 54]
[577, 260]
[50, 317]
[483, 219]
[50, 42]
[167, 42]
[159, 266]
[432, 331]
[259, 120]
[501, 28]
[391, 63]
[485, 44]
[483, 146]
[25, 97]
[162, 65]
[538, 139]
[239, 77]
[67, 153]
[518, 82]
[266, 162]
[500, 37]
[513, 44]
[276, 129]
[62, 242]
[212, 45]
[379, 51]
[30, 123]
[538, 151]
[575, 336]
[82, 252]
[85, 245]
[401, 167]
[575, 325]
[152, 67]
[578, 34]
[456, 246]
[167, 70]
[135, 240]
[591, 134]
[136, 248]
[404, 227]
[494, 112]
[486, 287]
[181, 119]
[611, 266]
[516, 186]
[602, 265]
[186, 62]
[110, 56]
[542, 164]
[543, 156]
[135, 31]
[252, 356]
[69, 357]
[457, 53]
[574, 146]
[434, 169]
[514, 145]
[42, 224]
[590, 246]
[160, 83]
[477, 113]
[585, 332]
[38, 118]
[126, 248]
[377, 266]
[419, 348]
[55, 36]
[57, 26]
[555, 270]
[415, 177]
[272, 45]
[423, 172]
[230, 300]
[452, 253]
[144, 142]
[284, 41]
[385, 339]
[585, 38]
[431, 275]
[463, 248]
[55, 147]
[231, 32]
[434, 286]
[386, 29]
[600, 273]
[398, 233]
[387, 39]
[601, 282]
[66, 191]
[191, 57]
[181, 57]
[268, 84]
[409, 324]
[280, 371]
[33, 131]
[99, 261]
[391, 265]
[422, 348]
[435, 346]
[595, 340]
[353, 37]
[337, 351]
[387, 355]
[588, 53]
[51, 288]
[167, 92]
[460, 267]
[47, 161]
[306, 352]
[88, 35]
[474, 137]
[64, 131]
[192, 42]
[239, 336]
[34, 257]
[564, 368]
[181, 264]
[322, 238]
[440, 286]
[323, 248]
[443, 28]
[389, 226]
[590, 279]
[547, 49]
[279, 78]
[103, 285]
[161, 145]
[211, 250]
[272, 194]
[289, 32]
[281, 66]
[250, 292]
[492, 154]
[255, 208]
[25, 219]
[77, 38]
[139, 147]
[425, 290]
[289, 115]
[454, 124]
[149, 148]
[605, 346]
[471, 203]
[529, 43]
[451, 184]
[456, 194]
[292, 228]
[53, 333]
[245, 70]
[444, 327]
[110, 299]
[278, 139]
[330, 371]
[124, 49]
[49, 304]
[138, 42]
[223, 254]
[256, 300]
[283, 199]
[561, 290]
[360, 236]
[170, 141]
[293, 69]
[420, 186]
[286, 127]
[504, 157]
[507, 53]
[138, 157]
[148, 158]
[428, 302]
[522, 271]
[81, 356]
[83, 46]
[266, 209]
[55, 357]
[225, 45]
[311, 252]
[470, 41]
[240, 295]
[355, 354]
[470, 215]
[67, 250]
[503, 196]
[43, 32]
[417, 248]
[440, 37]
[42, 46]
[43, 333]
[467, 153]
[481, 71]
[286, 331]
[277, 322]
[322, 44]
[580, 251]
[181, 42]
[235, 266]
[430, 66]
[236, 326]
[243, 322]
[590, 61]
[591, 326]
[591, 363]
[31, 206]
[586, 234]
[36, 200]
[443, 275]
[471, 227]
[111, 266]
[493, 265]
[554, 143]
[371, 220]
[493, 209]
[170, 261]
[175, 150]
[240, 352]
[519, 48]
[60, 156]
[606, 144]
[57, 193]
[585, 341]
[171, 247]
[49, 245]
[277, 153]
[140, 264]
[423, 209]
[42, 211]
[48, 113]
[53, 311]
[94, 249]
[153, 280]
[162, 167]
[167, 102]
[167, 281]
[221, 245]
[249, 367]
[277, 360]
[277, 260]
[286, 215]
[288, 135]
[296, 367]
[308, 266]
[372, 171]
[383, 368]
[390, 275]
[419, 196]
[434, 356]
[485, 135]
[505, 65]
[560, 280]
[593, 32]
[36, 57]
[42, 171]
[80, 365]
[167, 162]
[214, 57]
[296, 29]
[471, 235]
[486, 123]
[48, 203]
[186, 24]
[248, 317]
[283, 187]
[355, 28]
[412, 25]
[441, 64]
[491, 276]
[592, 228]
[104, 274]
[114, 274]
[141, 27]
[260, 292]
[385, 175]
[410, 310]
[451, 275]
[170, 269]
[256, 217]
[280, 248]
[395, 251]
[448, 59]
[478, 225]
[548, 149]
[562, 265]
[72, 50]
[367, 227]
[394, 354]
[427, 184]
[595, 52]
[23, 227]
[241, 247]
[450, 94]
[457, 91]
[490, 216]
[500, 269]
[561, 148]
[24, 66]
[28, 308]
[255, 130]
[344, 355]
[399, 264]
[424, 34]
[512, 154]
[563, 337]
[571, 273]
[581, 149]
[600, 353]
[55, 161]
[576, 356]
[601, 149]
[65, 304]
[123, 272]
[262, 357]
[271, 214]
[312, 356]
[377, 223]
[438, 168]
[507, 103]
[54, 48]
[151, 86]
[152, 35]
[186, 268]
[260, 313]
[364, 34]
[466, 52]
[524, 52]
[606, 53]
[607, 355]
[607, 236]
[304, 190]
[465, 95]
[613, 316]
[38, 68]
[43, 74]
[472, 101]
[471, 281]
[217, 26]
[372, 48]
[283, 232]
[43, 250]
[105, 67]
[546, 294]
[420, 372]
[122, 261]
[316, 50]
[539, 42]
[236, 228]
[309, 42]
[79, 76]
[464, 183]
[37, 143]
[429, 323]
[441, 146]
[140, 255]
